101095
102866
119694
163691
216230
237872
280178
3513269
3563729
358370
361524
384419
478739
4792691
5702757
576868
620475
6304086
6794063
680160
7118363
751724
761590
7677706
784526
787781
822239
850885
870105
8878112
8956553
9241199
956652
956697
9661934
9801471
9928618
3673997
7147472
833142
161324
491957
303471
9053286
429064
415460
1366480
452154
565902
726826
475958
475922
475994
678981
411545
517896
1542916
9857117
4435743
6628099
9411260
9411027
517797
941494
5441571
9566120
9986495
3883611
2659998
7144990
5548694
6773832
9508540
